F 0.525 0.38 0.14 0.6065 0.194 0.1475 0.21 14
M 0.43 0.35 0.11 0.406 0.1675 0.081 0.135 10
M 0.49 0.38 0.135 0.5415 0.2175 0.095 0.19 11
F 0.535 0.405 0.145 0.6845 0.2725 0.171 0.205 10
F 0.47 0.355 0.1 0.4755 0.1675 0.0805 0.185 10
M 0.5 0.4 0.13 0.6645 0.258 0.133 0.24 12
I 0.355 0.28 0.085 0.2905 0.095 0.0395 0.115 7
F 0.44 0.34 0.1 0.451 0.188 0.087 0.13 10
M 0.365 0.295 0.08 0.2555 0.097 0.043 0.1 7
F 0.505 0.385 0.135 0.6185 0.251 0.1175 0.2 12
F 0.505 0.395 0.145 0.6515 0.2695 0.153 0.205 15
I 0.4 0.31 0.1 0.2875 0.1145 0.0635 0.095 10
M 0.49 0.395 0.135 0.5545 0.213 0.0925 0.215 14
M 0.53 0.435 0.135 0.7365 0.3275 0.1315 0.22 12
I 0.395 0.325 0.105 0.306 0.111 0.0735 0.095 8
F 0.665 0.535 0.19 1.496 0.5775 0.2815 0.475 17
F 0.415 0.305 0.105 0.3605 0.12 0.082 0.1 10
M 0.43 0.345 0.115 0.3045 0.0925 0.055 0.12 11
M 0.475 0.395 0.135 0.592 0.2465 0.1645 0.2 13
F 0.525 0.425 0.145 0.7995 0.3345 0.209 0.24 15
I 0.48 0.39 0.145 0.5825 0.2315 0.121 0.255 15
I 0.42 0.345 0.115 0.3435 0.1515 0.0795 0.115 9
M 0.59 0.46 0.155 0.906 0.327 0.1485 0.335 15
F 0.515 0.42 0.135 0.6295 0.2815 0.127 0.215 9
M 0.695 0.55 0.22 1.5515 0.566 0.3835 0.445 13
F 0.8 0.63 0.195 2.526 0.933 0.59 0.62 23
M 0.61 0.49 0.15 1.103 0.425 0.2025 0.36 23
F 0.565 0.48 0.175 0.957 0.3885 0.215 0.275 18
M 0.56 0.455 0.165 0.86 0.4015 0.1695 0.245 11
M 0.655 0.485 0.195 1.62 0.6275 0.358 0.485 17
M 0.64 0.52 0.2 1.407 0.566 0.304 0.455 17
F 0.59 0.47 0.17 0.9 0.355 0.1905 0.25 11
I 0.31 0.24 0.09 0.1455 0.0605 0.0315 0.045 7
I 0.255 0.185 0.07 0.075 0.028 0.018 0.025 6
I 0.17 0.125 0.055 0.0235 0.009 0.0055 0.008 6
M 0.67 0.55 0.17 1.247 0.472 0.2455 0.4 21
F 0.71 0.565 0.195 1.7265 0.638 0.3365 0.565 17
F 0.56 0.43 0.125 0.8025 0.313 0.1715 0.263 13
M 0.505 0.4 0.13 0.764 0.3035 0.189 0.2175 11
M 0.525 0.43 0.165 0.8645 0.376 0.1945 0.2515 16
F 0.45 0.36 0.105 0.4715 0.2035 0.0935 0.149 9
F 0.515 0.435 0.17 0.631 0.2765 0.111 0.216 12
M 0.59 0.475 0.16 0.9455 0.3815 0.184 0.27 19
M 0.7 0.53 0.19 1.3185 0.548 0.233 0.42 18
F 0.72 0.56 0.175 1.7265 0.637 0.3415 0.525 17
M 0.635 0.495 0.15 1.081 0.4825 0.242 0.31 11
M 0.555 0.44 0.135 0.9025 0.3805 0.2105 0.28 13
M 0.575 0.47 0.15 1.1415 0.4515 0.204 0.4 13
M 0.585 0.455 0.125 1.027 0.391 0.212 0.25 17
F 0.61 0.485 0.21 1.3445 0.535 0.2205 0.515 20
F 0.645 0.525 0.2 1.449 0.601 0.2565 0.505 13
F 0.545 0.44 0.175 0.7745 0.2985 0.1875 0.265 11
M 0.55 0.45 0.155 0.7895 0.343 0.159 0.25 12
F 0.66 0.525 0.205 1.3665 0.5005 0.291 0.41 18
M 0.57 0.475 0.195 1.0295 0.4635 0.1905 0.305 18
F 0.6 0.47 0.2 1.031 0.392 0.2035 0.29 15
F 0.63 0.505 0.165 1.065 0.4595 0.216 0.315 12
M 0.175 0.135 0.04 0.0305 0.011 0.0075 0.01 5
M 0.155 0.115 0.025 0.024 0.009 0.005 0.0075 5
I 0.525 0.43 0.15 0.7365 0.3225 0.161 0.215 11
F 0.525 0.39 0.135 0.6005 0.2265 0.131 0.21 16
F 0.44 0.345 0.105 0.4285 0.165 0.083 0.132 11
F 0.45 0.345 0.115 0.496 0.1905 0.117 0.14 12
F 0.485 0.365 0.14 0.6195 0.2595 0.1445 0.177 14
I 0.47 0.35 0.135 0.567 0.2315 0.1465 0.1525 11
I 0.515 0.375 0.14 0.6505 0.2495 0.141 0.2215 10
M 0.42 0.34 0.125 0.4495 0.165 0.1125 0.144 11
F 0.455 0.35 0.125 0.4485 0.1585 0.102 0.1335 16
M 0.37 0.29 0.09 0.241 0.11 0.045 0.069 10
M 0.33 0.25 0.09 0.197 0.085 0.041 0.0605 10
I 0.3 0.22 0.09 0.1425 0.057 0.0335 0.043 7
I 0.625 0.46 0.16 1.2395 0.55 0.273 0.38 14
I 0.61 0.475 0.17 1.0385 0.4435 0.241 0.32 14
I 0.625 0.465 0.155 0.972 0.404 0.1845 0.35 14
I 0.635 0.505 0.19 1.3315 0.5805 0.252 0.435 17
I 0.5 0.385 0.155 0.762 0.3795 0.161 0.19 14
F 0.53 0.43 0.17 0.775 0.35 0.152 0.235 17
I 0.445 0.33 0.1 0.437 0.163 0.0755 0.17 13
F 0.585 0.415 0.155 0.6985 0.3 0.146 0.195 12
I 0.44 0.355 0.165 0.435 0.159 0.105 0.14 16
M 0.29 0.225 0.08 0.1295 0.0535 0.026 0.045 10
I 0.555 0.455 0.17 0.8435 0.309 0.1905 0.3 15
I 0.655 0.515 0.145 1.25 0.5265 0.283 0.315 15
F 0.58 0.46 0.185 1.017 0.3515 0.2 0.32 10
I 0.625 0.43 0.175 1.411 0.572 0.297 0.395 12
I 0.62 0.485 0.17 1.208 0.4805 0.3045 0.33 15
F 0.64 0.5 0.15 1.0705 0.371 0.2705 0.36 8
F 0.505 0.375 0.115 0.5895 0.2635 0.12 0.167 10
I 0.5 0.395 0.12 0.537 0.2165 0.1085 0.1785 9
M 0.31 0.245 0.095 0.15 0.0525 0.034 0.048 7
F 0.505 0.38 0.145 0.651 0.2935 0.19 0.17 12
I 0.42 0.305 0.11 0.28 0.094 0.0785 0.0955 9
M 0.4 0.315 0.105 0.287 0.1135 0.037 0.113 10
M 0.425 0.315 0.125 0.3525 0.1135 0.0565 0.13 18
M 0.31 0.235 0.06 0.12 0.0415 0.033 0.04 11
F 0.465 0.35 0.13 0.494 0.1945 0.103 0.155 18
F 0.465 0.36 0.12 0.4765 0.192 0.1125 0.16 10
M 0.35 0.255 0.085 0.2145 0.1 0.0465 0.06 13
I 0.52 0.415 0.16 0.595 0.2105 0.142 0.26 15
F 0.475 0.365 0.13 0.4805 0.1905 0.114 0.1475 12
F 0.41 0.315 0.11 0.321 0.1255 0.0655 0.095 10
M 0.26 0.2 0.065 0.096 0.044 0.027 0.03 6
I 0.575 0.45 0.17 0.9315 0.358 0.2145 0.26 13
I 0.565 0.435 0.155 0.782 0.2715 0.168 0.285 14
M 0.26 0.19 0.075 0.0945 0.0445 0.02 0.03 6
F 0.53 0.385 0.125 0.6695 0.289 0.151 0.18 10
M 0.34 0.255 0.095 0.213 0.081 0.034 0.07 9
I 0.52 0.38 0.14 0.525 0.1775 0.115 0.185 11
F 0.635 0.5 0.18 1.312 0.529 0.2485 0.485 18
F 0.61 0.485 0.165 1.087 0.4255 0.232 0.38 11
F 0.66 0.515 0.18 1.523 0.54 0.3365 0.555 16